Random BST size vs. height (Insertion)
-----------------------------------------
100 14
200 16
300 17
400 19
500 20
600 20
700 22
800 23
900 23
1000 23
1100 24
1200 24
1300 24
1400 24
1500 25
1600 26
1700 26
1800 26
1900 26
2000 26
2100 26
2200 26
2300 26
2400 26
2500 26
2600 26
2700 26
2800 27
2900 27
3000 27
3100 27
3200 27
3300 27
3400 27
3500 27
3600 27
3700 27
3800 27
3900 27
4000 27
4100 27
4200 28
4300 28
4400 28
4500 28
4600 28
4700 28
4800 28
4900 28
5000 28
5100 28
5200 28
5300 28
5400 29
5500 29
5600 29
5700 29
5800 29
5900 29
6000 29
6100 29
6200 29
6300 29
6400 29
6500 29
6600 29
6700 29
6800 29
6900 29
7000 30
7100 30
7200 30
7300 30
7400 30
7500 30
7600 30
7700 30
7800 30
7900 30
8000 30
8100 30
8200 30
8300 30
8400 30
8500 30
8600 30
8700 30
8800 30
8900 30
9000 30
9100 30
9200 30
9300 30
9400 30
9500 30
9600 30
9700 30
9800 30
9900 30
10000 30

Random BST size vs. height (Deletion)
-----------------------------------------
9900 30
9800 30
9700 30
9600 30
9500 30
9400 30
9300 30
9200 30
9100 30
9000 30
8900 30
8800 30
8700 30
8600 30
8500 30
8400 30
8300 29
8200 29
8100 29
8000 29
7900 29
7800 29
7700 29
7600 29
7500 29
7400 29
7300 29
7200 29
7100 29
7000 29
6900 29
6800 29
6700 29
6600 29
6500 29
6400 29
6300 29
6200 29
6100 29
6000 29
5900 29
5800 29
5700 29
5600 29
5500 29
5400 29
5300 29
5200 29
5100 29
5000 28
4900 28
4800 28
4700 28
4600 28
4500 28
4400 28
4300 28
4200 27
4100 27
4000 27
3900 27
3800 27
3700 27
3600 27
3500 27
3400 27
3300 27
3200 27
3100 27
3000 27
2900 27
2800 27
2700 27
2600 27
2500 27
2400 27
2300 26
2200 26
2100 26
2000 26
1900 26
1800 26
1700 26
1600 26
1500 25
1400 24
1300 23
1200 23
1100 23
1000 23
900 23
800 22
700 20
600 19
500 19
400 18
300 17
200 16
100 14
0 0
